[[[1.17926933e+02 1.71514587e+02 8.70785356e-01]
  [9.97466965e+01 2.05400650e+02 7.37478018e-01]
  [1.01047783e+02 2.05390274e+02 8.53640079e-01]
  [1.40094940e+02 1.95003265e+02 7.62712777e-01]
  [1.32353043e+02 1.62342133e+02 7.78903902e-01]
  [9.96666260e+01 2.04159882e+02 5.98209918e-01]
  [1.36230774e+02 2.00176254e+02 2.19427526e-01]
  [1.34931885e+02 1.71481781e+02 1.83025181e-01]
  [9.84351120e+01 2.95492126e+02 7.28033900e-01]
  [1.00993507e+02 2.96751373e+02 7.02540517e-01]
  [1.27112732e+02 3.55522278e+02 8.18127334e-01]
  [1.01003731e+02 4.22036713e+02 8.13136816e-01]
  [9.70565948e+01 2.95485962e+02 6.01659477e-01]
  [1.11419838e+02 3.54189484e+02 8.12100768e-01]
  [8.92648621e+01 4.06386047e+02 7.90839553e-01]
  [1.10138168e+02 1.70137268e+02 8.54192257e-01]
  [0.00000000e+00 0.00000000e+00 0.00000000e+00]
  [9.70652390e+01 1.75417160e+02 8.61047626e-01]
  [0.00000000e+00 0.00000000e+00 0.00000000e+00]
  [1.15350235e+02 4.14277832e+02 1.68419152e-01]
  [1.12738815e+02 4.12952820e+02 1.11370988e-01]
  [8.40405807e+01 4.11626404e+02 8.35166335e-01]
  [1.27116882e+02 4.27276031e+02 7.72477448e-01]
  [1.20556526e+02 4.31207153e+02 8.54922056e-01]
  [9.57598190e+01 4.25967865e+02 8.19769382e-01]]]