[[[9.70784225e+01 2.13193878e+02 8.81491542e-01]
  [7.88728561e+01 2.52391586e+02 8.08022738e-01]
  [8.79227753e+01 2.55032089e+02 8.43434811e-01]
  [1.31011490e+02 2.56279144e+02 8.53600740e-01]
  [1.25783005e+02 2.18477661e+02 6.08580112e-01]
  [7.22967148e+01 2.47160385e+02 7.06244290e-01]
  [9.96985474e+01 2.36775940e+02 3.08126479e-01]
  [1.17977028e+02 2.23685532e+02 3.76031280e-01]
  [7.88684540e+01 3.51606903e+02 6.36431694e-01]
  [8.53104706e+01 3.52889526e+02 6.45790696e-01]
  [1.10161102e+02 4.22007111e+02 8.81324232e-01]
  [8.79833832e+01 4.76936401e+02 2.59961516e-01]
  [7.74663086e+01 3.51596771e+02 5.17161846e-01]
  [9.71049652e+01 4.22051331e+02 8.60214531e-01]
  [7.22652130e+01 4.76918518e+02 6.03078485e-01]
  [8.92257385e+01 2.06725784e+02 8.74413788e-01]
  [9.44996643e+01 2.04100845e+02 1.50031105e-01]
  [7.35938187e+01 2.15877106e+02 8.44352961e-01]
  [0.00000000e+00 0.00000000e+00 0.00000000e+00]
  [0.00000000e+00 0.00000000e+00 0.00000000e+00]
  [0.00000000e+00 0.00000000e+00 0.00000000e+00]
  [6.83330765e+01 4.76921661e+02 4.09609526e-01]
  [0.00000000e+00 0.00000000e+00 0.00000000e+00]
  [0.00000000e+00 0.00000000e+00 0.00000000e+00]
  [8.79303894e+01 4.76940552e+02 6.55473396e-02]]]