[1.6830450e+02 1.4586464e+02 8.8423520e-01]
  [1.5655600e+02 1.7508017e+02 7.3284519e-01]
  [1.5948904e+02 1.7508070e+02 8.3578712e-01]
  [2.0632211e+02 1.6827318e+02 8.4483248e-01]
  [1.8682166e+02 1.4391177e+02 6.9939077e-01]
  [1.5362720e+02 1.7412518e+02 5.6459218e-01]
  [1.9852834e+02 1.6729475e+02 2.3008555e-01]
  [1.8484685e+02 1.4390724e+02 3.2636082e-01]
  [1.5850296e+02 2.5021526e+02 6.1080933e-01]
  [1.5947818e+02 2.5214508e+02 6.3307744e-01]
  [1.7804056e+02 3.0287213e+02 7.3904020e-01]
  [1.5170152e+02 3.5653189e+02 6.1856419e-01]
  [1.5462419e+02 2.5020415e+02 4.3847358e-01]
  [1.7021252e+02 3.0095663e+02 6.5763074e-01]
  [1.5164523e+02 3.4676721e+02 6.1593950e-01]
  [1.6339656e+02 1.4482359e+02 8.5604256e-01]
  [1.6727132e+02 1.4290302e+02 5.1058933e-02]
  [1.5165630e+02 1.5272012e+02 8.9860940e-01]
  [0.0000000e+00 0.0000000e+00 0.0000000e+00]
  [1.7313763e+02 3.4774707e+02 4.4046855e-01]
  [1.7121265e+02 3.4677505e+02 4.1485602e-01]
  [1.4292188e+02 3.4871857e+02 4.3917191e-01]
  [1.7410190e+02 3.4870630e+02 2.5679746e-01]
  [1.6632726e+02 3.5653152e+02 2.5535542e-01]
  [1.4779143e+02 3.5654099e+02 4.5302689e-01]