[[[1.7143031e+02 2.0015712e+02 8.6794281e-01]
  [1.5581148e+02 2.3538559e+02 7.7691215e-01]
  [1.6229388e+02 2.3416911e+02 9.1575706e-01]
  [2.0417976e+02 2.2632091e+02 8.3205986e-01]
  [1.8457591e+02 1.9239560e+02 8.7872672e-01]
  [1.5063326e+02 2.3540645e+02 6.5880471e-01]
  [1.9366696e+02 2.2631374e+02 1.6518694e-01]
  [1.8192973e+02 1.9370840e+02 2.3153733e-01]
  [1.5711885e+02 3.3720410e+02 6.6553271e-01]
  [1.6108456e+02 3.3850089e+02 7.0431817e-01]
  [1.8188824e+02 4.0899738e+02 7.2835821e-01]
  [1.5056511e+02 4.7690662e+02 6.1257130e-01]
  [1.5186255e+02 3.3591190e+02 5.8379757e-01]
  [1.7142012e+02 4.0510614e+02 6.0650319e-01]
  [1.5190706e+02 4.6643817e+02 5.6232023e-01]
  [1.6238477e+02 1.9500281e+02 8.8245952e-01]
  [0.0000000e+00 0.0000000e+00 0.0000000e+00]
  [1.5054753e+02 2.0540083e+02 9.1062087e-01]
  [0.0000000e+00 0.0000000e+00 0.0000000e+00]
  [1.7800090e+02 4.6516177e+02 3.6173925e-01]
  [1.7411691e+02 4.6509644e+02 3.6294621e-01]
  [1.4277657e+02 4.7690387e+02 2.8250152e-01]
  [1.7015216e+02 4.6777426e+02 1.9579977e-01]
  [1.5974426e+02 4.7691763e+02 1.9745430e-01]
  [1.4535880e+02 4.7691959e+02 3.8507658e-01]]]